%Mat Object: () 1 MPI processes
%  type: seqaij
% Size = 8629 8629 
% Nonzeros = 231409 
zzz = zeros(231409,3);
zzz = [
1 1  0.0000000000000000e+00
1 2  -3.2216684279440167e-07
1 3  7.3326539857910476e-07
1 4  8.6562254239082370e-07
1 5  -9.8019597123031310e-06
1 6  -2.5797336271876023e-06
1 7  -3.0622897267296655e-07
1 8  -1.1681360948494425e-06
2 1  3.2216684279440167e-07
2 2  0.0000000000000000e+00
2 3  2.2415182821900849e-06
2 4  4.4281940021303978e-07
2 5  -1.1262382743436098e-05
2 6  -1.7946290767189637e-05
2 7  -2.1882120584384361e-06
2 8  -3.1889972305391125e-06
2 9  8.8617650295487430e-07
2 10  2.4437987612446107e-06
2 11  -1.5111681514007842e-06
2 12  -3.2524323326260009e-06
3 1  -7.3326539857910476e-07
3 2  -2.2415182821900849e-06
3 3  0.0000000000000000e+00
3 4  7.6840701987591812e-08
3 5  -1.0232171766031685e-05
3 6  -2.5571930259656775e-05
3 7  -2.5584544372441951e-05
3 8  -1.7542132987192546e-05
3 9  -5.6917718126643211e-07
3 10  2.1273053371679939e-06
3 11  -2.5390774047225023e-07
3 12  -4.9985159860870621e-06
3 33  1.0743643401444243e-05
3 34  2.4069920027399781e-06
3 35  -3.9596764564345750e-06
3 36  -7.9327352802744969e-07
3 37  6.1883860745314420e-06
3 38  -2.2374992530866946e-06
4 1  -8.6562254239082370e-07
4 2  -4.4281940021303978e-07
4 3  -7.6840701987591812e-08
4 4  0.0000000000000000e+00
4 5  -1.3814018059312318e-05
4 6  -5.5668859484868443e-06
4 7  -3.1330262058540260e-06
4 8  -1.3761548596709620e-05
4 33  3.8734274230468800e-06
4 34  5.5468953057744901e-06
4 35  -2.0810261761305377e-06
4 36  -2.3857469956188895e-06
5 1  9.8019597123031310e-06
5 2  1.1262382743436098e-05
5 3  1.0232171766031685e-05
5 4  1.3814018059312318e-05
5 5  0.0000000000000000e+00
5 6  5.4807524918945829e-07
5 7  7.0374206595871635e-06
5 8  7.8527085753972386e-06
5 389  -1.8175370332729195e-05
5 390  -8.2038083525807825e-06
5 391  -2.7825742805658364e-06
5 392  -6.4052180540340242e-06
6 1  2.5797336271876023e-06
6 2  1.7946290767189637e-05
6 3  2.5571930259656775e-05
6 4  5.5668859484868443e-06
6 5  -5.4807524918945829e-07
6 6  0.0000000000000000e+00
6 7  1.5082079713752142e-05
6 8  2.7514102910522376e-06
6 9  1.9494087644040158e-05
6 10  1.4179781145918448e-05
6 11  5.9620234710546387e-06
6 12  1.4476336448103806e-05
6 389  -1.2192399418049981e-05
6 390  -3.7139495198212430e-05
6 391  -1.3096637633521734e-05
6 392  -4.6182115354062024e-06
6 393  -4.2982423269487652e-06
6 394  -9.9863292852577016e-07
7 1  3.0622897267296655e-07
7 2  2.1882120584384361e-06
7 3  2.5584544372441951e-05
7 4  3.1330262058540260e-06
7 5  -7.0374206595871635e-06
7 6  -1.5082079713752142e-05
7 7  0.0000000000000000e+00
7 8  -1.1268516207242917e-06
7 9  6.6373073281199579e-06
7 10  3.1433171009211778e-05
7 11  -2.2930880697599359e-06
7 12  1.2235568887810439e-05
7 33  3.5789929317852929e-05
7 34  8.3751222557811859e-06
7 35  7.0438946145417580e-05
7 36  1.5567546677437346e-05
7 37  1.5588148024651500e-05
7 38  3.5663191003495972e-05
7 389  -1.2748021278544782e-05
7 390  -4.1901688623022006e-05
7 391  -8.4674671076260936e-05
7 392  -2.8860496757207053e-05
7 393  -6.5745775699024289e-06
7 394  -8.1024404271517222e-06
7 405  -1.9707369036822793e-06
7 406  -3.5960698675898255e-07
7 407  -1.2066380188446510e-06
8 1  1.1681360948494425e-06
8 2  3.1889972305391125e-06
8 3  1.7542132987192546e-05
8 4  1.3761548596709620e-05
8 5  -7.8527085753972386e-06
8 6  -2.7514102910522376e-06
8 7  1.1268516207242917e-06
8 8  0.0000000000000000e+00
8 33  1.2544292395913275e-05
8 34  1.9357653848421692e-05
8 35  2.5089702288272719e-05
8 36  3.6758860840171827e-05
8 389  -2.0912277726723234e-05
8 390  -9.7559612388001510e-06
8 391  -1.8651066667429754e-05
8 392  -4.2160726929073410e-05
8 405  -1.0997717687091130e-06
8 406  -1.1230522882956687e-06
9 2  -8.8617650295487430e-07
9 3  5.6917718126643211e-07
9 6  -1.9494087644040158e-05
9 7  -6.6373073281199579e-06
9 9  0.0000000000000000e+00
9 10  2.0431386518334598e-06
9 11  -1.4021409777159416e-05
9 12  -1.6919805129517424e-06
9 13  -1.2035275384477592e-05
9 14  -4.6121298822387863e-06
9 15  -8.7757853700560083e-06
9 16  -5.2397860432422358e-06
10 2  -2.4437987612446107e-06
10 3  -2.1273053371679939e-06
10 6  -1.4179781145918448e-05
10 7  -3.1433171009211778e-05
10 9  -2.0431386518334598e-06
10 10  0.0000000000000000e+00
10 11  -1.9901461365493371e-05
10 12  -1.9577452295267163e-05
10 13  -7.0205019145073438e-06
10 14  -2.0899518906895752e-05
10 15  -4.1808494997276732e-06
10 16  -1.7260569339132677e-05
10 33  4.9977825318818188e-07
10 35  -8.6794178244696937e-07
10 37  8.9989704917139365e-06
10 38  -2.3770008906874578e-06
10 39  4.8160668758982149e-08
10 40  -3.1843403292419061e-06
11 2  1.5111681514007842e-06
11 3  2.5390774047225023e-07
11 6  -5.9620234710546387e-06
11 7  2.2930880697599359e-06
11 9  1.4021409777159416e-05
11 10  1.9901461365493371e-05
11 11  0.0000000000000000e+00
11 12  1.3369202633557779e-05
11 13  1.5906571947743788e-05
11 14  1.0987663624217536e-05
11 15  1.9262305992757458e-05
11 16  2.0723740343466645e-05
11 390  -1.9222092606531960e-05
11 391  -7.7837488874569706e-06
11 393  -3.9813878692871814e-05
11 394  -1.4079538095447022e-05
11 395  -1.5415957257852712e-06
11 396  -9.2430753647696775e-07
12 2  3.2524323326260009e-06
12 3  4.9985159860870621e-06
12 6  -1.4476336448103806e-05
12 7  -1.2235568887810439e-05
12 9  1.6919805129517424e-06
12 10  1.9577452295267163e-05
12 11  -1.3369202633557779e-05
12 12  0.0000000000000000e+00
12 13  4.9441633553485424e-06
12 14  2.4783349397403343e-05
12 15  -3.8848020767153847e-08
12 16  2.4684903927341940e-05
12 33  3.0481442369186052e-06
12 35  5.4355599234343565e-06
12 37  2.7245826036552870e-05
12 38  5.7705926463356950e-05
12 39  1.1727356783234079e-05
12 40  3.2523040572302205e-05
12 390  -1.7446465735892430e-05
12 391  -4.4372445261994398e-05
12 393  -4.2288052671502589e-05
12 394  -8.5759240130888918e-05
12 395  -9.2353153466652352e-07
12 396  -1.8279931128320495e-06
12 405  -1.0462905669019020e-06
12 407  -1.2306967507566677e-06
12 408  1.9320860006882080e-08
13 9  1.2035275384477592e-05
13 10  7.0205019145073438e-06
13 11  -1.5906571947743788e-05
13 12  -4.9441633553485424e-06
13 13  0.0000000000000000e+00
13 14  1.8486119646729026e-05
13 15  -7.7069062644599730e-05
13 16  -1.7327218621039094e-05
13 1385  4.1747233278086696e-06
13 1386  6.0108943505430332e-06
13 1387  0.0000000000000000e+00
13 1388  0.0000000000000000e+00
13 1389  8.9794278483276340e-07
13 1390  1.8742785311485907e-06
13 1391  0.0000000000000000e+00
13 1396  1.3208716376001246e-06
13 1397  7.7324522085107720e-07
13 1398  0.0000000000000000e+00
13 1401  -9.6929212602418406e-07
13 1402  -1.0528564121243516e-06
13 1403  0.0000000000000000e+00
13 1406  -1.0340107754041716e-07
14 9  4.6121298822387863e-06
14 10  2.0899518906895752e-05
14 11  -1.0987663624217536e-05
14 12  -2.4783349397403343e-05
14 13  -1.8486119646729026e-05
14 14  0.0000000000000000e+00
14 15  -3.5925982837225307e-05
14 16  -1.4160238992400802e-04
14 37  5.1624196200648475e-06
14 38  -2.1897595553635284e-07
14 39  5.0030445609169024e-05
14 40  -1.8280547969530415e-06
14 1385  4.5039733072001470e-07
14 1386  3.4322296707584344e-06
14 1387  0.0000000000000000e+00
14 1388  0.0000000000000000e+00
14 1389  -2.4257060767493206e-07
14 1390  -7.3609961983519961e-07
14 1391  0.0000000000000000e+00
14 1396  7.7633123704935259e-06
14 1397  2.3931922169136601e-06
14 1398  0.0000000000000000e+00
14 1401  -2.4216784693563018e-07
14 1402  -1.3216280235932785e-06
14 1403  0.0000000000000000e+00
14 1406  -1.5283075653490714e-06
14 1440  7.0042837349286307e-06
14 1441  0.0000000000000000e+00
14 1442  5.0949847296928563e-06
14 1443  0.0000000000000000e+00
14 1446  1.6983361388809262e-06
14 1447  1.6352174721136192e-06
14 1448  0.0000000000000000e+00
14 1451  -2.6401219537820441e-07
14 1452  0.0000000000000000e+00
14 1454  1.3017154521166099e-07
15 9  8.7757853700560083e-06
15 10  4.1808494997276732e-06
15 11  -1.9262305992757458e-05
15 12  3.8848020767153847e-08
15 13  7.7069062644599730e-05
15 14  3.5925982837225307e-05
15 15  0.0000000000000000e+00
15 16  4.9929627907647978e-05
15 393  -3.1202289907652386e-05
15 394  -1.3331235026671305e-05
15 395  -1.0669582774125134e-04
15 396  -2.8390456721242244e-05
15 1385  2.6188841976636187e-06
15 1386  3.4270970874112564e-06
15 1387  0.0000000000000000e+00
15 1388  0.0000000000000000e+00
15 1389  1.1797827912335643e-05
15 1390  1.5172813404057454e-05
15 1391  0.0000000000000000e+00
15 1396  6.6438571618948318e-07
15 1397  3.2271970080852555e-06
15 1398  0.0000000000000000e+00
15 1401  6.0061231266875275e-06
15 1402  9.9286618986671731e-06
15 1403  0.0000000000000000e+00
15 1406  3.1762824722097100e-06
15 1643  0.0000000000000000e+00
15 1644  -6.8897435376152146e-06
15 1645  -7.0267830963457613e-06
15 1646  0.0000000000000000e+00
15 1649  -6.0459471258474865e-07
15 1650  0.0000000000000000e+00
15 1652  -1.0498420952797417e-06
15 1653  -1.6201163134927906e-06
15 1654  0.0000000000000000e+00
15 1657  -3.4540492935663755e-07
16 9  5.2397860432422358e-06
16 10  1.7260569339132677e-05
16 11  -2.0723740343466645e-05
16 12  -2.4684903927341940e-05
16 13  1.7327218621039094e-05
16 14  1.4160238992400802e-04
16 15  -4.9929627907647978e-05
16 16  0.0000000000000000e+00
16 37  2.2217116451571179e-06
16 38  7.2890872343724170e-06
16 39  4.6266308947981456e-05
16 40  1.4798606735952683e-04
16 393  -2.2013714450338267e-05
16 394  -6.2014099118091765e-05
16 395  -5.7145587248052780e-05
16 396  -2.1109319540421194e-04
16 407  -3.1403220827031259e-06
16 408  -7.5248775836237824e-06
16 1385  4.0239268496483367e-07
16 1386  2.5748789876942568e-06
16 1387  0.0000000000000000e+00
16 1388  0.0000000000000000e+00
16 1389  1.6104651229369556e-06
16 1390  1.0227803178253105e-05
16 1391  0.0000000000000000e+00
16 1396  4.6889615182274469e-06
16 1397  2.1288413774486222e-05
16 1398  0.0000000000000000e+00
16 1401  -2.4631485930940921e-08
16 1402  2.1264696318479706e-06
16 1403  0.0000000000000000e+00
16 1406  1.4939763599755420e-05
16 1440  3.2429753289200527e-06
16 1441  0.0000000000000000e+00
16 1442  1.6442845743835268e-05
16 1443  0.0000000000000000e+00
16 1446  6.5713401894197663e-07
16 1447  3.6362244201825492e-06
16 1448  0.0000000000000000e+00
16 1451  1.7251728972728950e-05
16 1452  0.0000000000000000e+00
16 1454  5.0783509189092217e-06
16 1643  0.0000000000000000e+00
16 1644  -1.9541733714611738e-06
16 1645  -1.0360150124880898e-05
16 1646  0.0000000000000000e+00
16 1649  -1.2007440643064522e-05
16 1650  0.0000000000000000e+00
16 1652  -2.2824463246528261e-07
16 1653  -1.7762020586918524e-06
16 1654  0.0000000000000000e+00
16 1657  -3.6218170918342784e-06
16 1681  -2.7627752357746655e-06
16 1682  0.0000000000000000e+00
16 1684  1.6917399689642106e-06
16 1685  0.0000000000000000e+00
16 1687  -1.6014766293233814e-06
16 1688  0.0000000000000000e+00
16 1690  -8.2811270036683835e-10
17 17  0.0000000000000000e+00
17 18  1.1305786955406394e-05
17 19  6.7252783974852814e-06
17 20  1.7654384057058773e-05
17 21  -7.2577253875251029e-05
17 22  -1.6440541184901897e-05
17 23  -5.1219286730909961e-06
17 24  -1.7039911730685938e-05
17 1426  4.1606764705365363e-06
17 1427  5.9036401360195610e-06
17 1428  1.0621443626254857e-06
17 1429  2.0354056103110473e-06
17 1430  0.0000000000000000e+00
17 1431  0.0000000000000000e+00
17 1432  0.0000000000000000e+00
17 1433  1.2961274323791967e-06
17 1434  7.6049253180949612e-07
17 1435  0.0000000000000000e+00
17 1436  -8.6138687254383999e-07
17 1437  -9.5347057898594715e-07
17 1438  0.0000000000000000e+00
17 1439  -1.1787303069234785e-07
18 17  -1.1305786955406394e-05
18 18  0.0000000000000000e+00
18 19  2.0811240800039268e-06
18 20  -4.2912987901885910e-06
18 21  -8.2563972778232284e-06
18 22  -1.4084355279074080e-05
18 23  -1.6890146293389397e-06
18 24  -5.0424203409277720e-06
18 25  -7.8317514901143254e-07
18 26  6.0997558284664874e-07
18 27  -1.9426335359907968e-05
18 28  -6.6108822237058318e-06
19 17  -6.7252783974852814e-06
19 18  -2.0811240800039268e-06
19 19  0.0000000000000000e+00
19 20  -2.0044362885458702e-05
19 21  -3.9680957720155961e-06
19 22  -2.0014980339697016e-05
19 23  -1.9585522298083008e-05
19 24  -1.6734634752140483e-05
19 25  -2.4046659441384045e-06
19 26  -2.0311034342799985e-06
19 27  -1.4155274621189696e-05
19 28  -3.1375334881020548e-05
19 41  9.0509710141064114e-06
19 42  2.0078852296561896e-07
19 43  -2.3682352751418930e-06
19 44  -3.1050124599578557e-06
19 45  5.0483609183300923e-07
19 46  -8.6448523737575172e-07
20 17  -1.7654384057058773e-05
20 18  4.2912987901885910e-06
20 19  2.0044362885458702e-05
20 20  0.0000000000000000e+00
20 21  -3.3922281327513631e-05
20 22  -1.1235765103363853e-05
20 23  -2.5294949190122259e-05
20 24  -1.3824556246548370e-04
20 41  5.0604822644735254e-06
20 42  4.9098981832243888e-05
20 43  -2.7956121960741969e-07
20 44  -2.0366988465439872e-06
20 1426  4.6337592137632793e-07
20 1427  3.4291766157478387e-06
20 1428  -1.9305379449364601e-07
20 1429  -4.7848380156388376e-07
20 1430  0.0000000000000000e+00
20 1431  0.0000000000000000e+00
20 1432  0.0000000000000000e+00
20 1433  7.7115513342729452e-06
20 1434  2.4734906282600963e-06
20 1435  0.0000000000000000e+00
20 1436  -2.1920972912486633e-07
20 1437  -1.2150844950006014e-06
20 1438  0.0000000000000000e+00
20 1439  -1.6200900201568779e-06
20 1468  6.9420576724763211e-06
20 1469  5.0897595929048234e-06
20 1470  0.0000000000000000e+00
20 1471  0.0000000000000000e+00
20 1472  1.6752106422696666e-06
20 1473  1.6098475173131491e-06
20 1474  0.0000000000000000e+00
20 1475  -2.2346307146994490e-07
20 1476  0.0000000000000000e+00
20 1477  1.3041793190608722e-07
21 17  7.2577253875251029e-05
21 18  8.2563972778232284e-06
21 19  3.9680957720155961e-06
21 20  3.3922281327513631e-05
21 21  0.0000000000000000e+00
21 22  -2.4005799165716786e-05
21 23  -1.7928532791771926e-06
21 24  4.2260419302204772e-05
21 397  -8.1897470699611211e-05
21 398  -3.3150781213076690e-05
21 399  -1.4223097892309956e-05
21 400  -2.9298469992725673e-05
21 1426  2.5163225932488905e-06
21 1427  3.2796416592692666e-06
21 1428  1.1358879805858926e-05
21 1429  1.4595146892756656e-05
21 1430  0.0000000000000000e+00
21 1431  0.0000000000000000e+00
21 1432  0.0000000000000000e+00
21 1433  6.3683603018452806e-07
21 1434  3.0752103033414521e-06
21 1435  0.0000000000000000e+00
21 1436  6.4070781126087789e-06
21 1437  9.8925643231846780e-06
21 1438  0.0000000000000000e+00
21 1439  2.7134458399237670e-06
21 1671  -5.3549990328368714e-06
21 1672  -5.9474843376256453e-06
21 1673  0.0000000000000000e+00
21 1674  0.0000000000000000e+00
21 1675  -6.6323873023079991e-07
21 1676  0.0000000000000000e+00
21 1677  -9.4196192682013383e-07
21 1678  -1.5148000310459796e-06
21 1679  0.0000000000000000e+00
21 1680  -3.4573300721293743e-07
22 17  1.6440541184901897e-05
22 18  1.4084355279074080e-05
22 19  2.0014980339697016e-05
22 20  1.1235765103363853e-05
22 21  2.4005799165716786e-05
22 22  0.0000000000000000e+00
22 23  1.3744553584410447e-05
22 24  2.2401361779877450e-05
22 25  1.5241764870029876e-06
22 26  2.5583973399896734e-07
22 27  -5.4543381911016462e-06
22 28  2.4812233513443199e-06
22 397  -1.2907372686317376e-05
22 398  -1.4539616460463340e-05
22 399  -2.0940478352585494e-06
22 400  -7.0518147202531900e-06
22 401  -7.9092271016054248e-06
22 402  -4.7230352935184582e-06
23 17  5.1219286730909961e-06
23 18  1.6890146293389397e-06
23 19  1.9585522298083008e-05
23 20  2.5294949190122259e-05
23 21  1.7928532791771926e-06
23 22  -1.3744553584410447e-05
23 23  0.0000000000000000e+00
23 24  2.8555871769730321e-05
23 25  3.2627484286165943e-06
23 26  5.0123225699645108e-06
23 27  -1.4361924267474187e-05
23 28  -1.1992725086358275e-05
23 41  2.7288234860302136e-05
23 42  1.1817458800661134e-05
23 43  5.7869072436902245e-05
23 44  3.3012795422585337e-05
23 45  3.0544789027224980e-06
23 46  5.4621296860583801e-06
23 397  -6.3205188879901329e-07
23 398  -4.2152833002727728e-05
23 399  -8.5671938396513395e-05
23 400  -1.6908170480657333e-06
23 401  -1.7389184112407082e-05
23 402  -4.4224217830926869e-05
23 409  -1.2237462969411028e-06
23 410  1.2779593636638833e-07
23 411  -1.0400672798350288e-06
24 17  1.7039911730685938e-05
24 18  5.0424203409277720e-06
24 19  1.6734634752140483e-05
24 20  1.3824556246548370e-04
24 21  -4.2260419302204772e-05
24 22  -2.2401361779877450e-05
24 23  -2.8555871769730321e-05
24 24  0.0000000000000000e+00
24 41  2.1738729775446280e-06
24 42  4.5262499798275921e-05
24 43  6.9099000726144597e-06
24 44  1.4283165902921147e-04
24 397  -4.4823122816404034e-05
24 398  -2.2555893492390189e-05
24 399  -6.3701435975205799e-05
24 400  -2.0776023575669699e-04
24 409  -3.3063782562446173e-06
24 410  -8.2163976142726538e-06
24 1426  3.9803131275571408e-07
24 1427  2.5306801360737094e-06
24 1428  1.6226314195996979e-06
24 1429  1.0257263990242825e-05
24 1430  0.0000000000000000e+00
24 1431  0.0000000000000000e+00
24 1432  0.0000000000000000e+00
24 1433  4.6060301079415547e-06
24 1434  2.0936169794792959e-05
24 1435  0.0000000000000000e+00
24 1436  2.2905225977168952e-07
24 1437  3.1555202625424311e-06
24 1438  0.0000000000000000e+00
24 1439  1.2854782661616651e-05
24 1468  3.1879658262063501e-06
24 1469  1.6179042216640406e-05
24 1470  0.0000000000000000e+00
24 1471  0.0000000000000000e+00
24 1472  6.4512934614811432e-07
24 1473  3.5644003354388623e-06
24 1474  0.0000000000000000e+00
24 1475  1.7276846242761851e-05
24 1476  0.0000000000000000e+00
24 1477  4.9976191552212132e-06
24 1671  -1.5655981730617393e-06
24 1672  -8.7688676107022962e-06
24 1673  0.0000000000000000e+00
24 1674  0.0000000000000000e+00
24 1675  -1.1381076567744063e-05
24 1676  0.0000000000000000e+00
24 1677  -2.0236876397672851e-07
24 1678  -1.6258632899860062e-06
24 1679  0.0000000000000000e+00
24 1680  -3.4799811083586145e-06
24 1700  1.9548262610433662e-06
24 1701  0.0000000000000000e+00
24 1702  1.6747578533900971e-06
24 1703  0.0000000000000000e+00
24 1704  -1.6037510292058761e-06
24 1705  0.0000000000000000e+00
24 1706  -7.1072301016437900e-09
25 18  7.8317514901143254e-07
25 19  2.4046659441384045e-06
25 22  -1.5241764870029876e-06
25 23  -3.2627484286165943e-06
25 25  0.0000000000000000e+00
25 26  2.2389634028805700e-06
25 27  -1.7945835563687649e-05
25 28  -2.1887297426058039e-06
25 29  3.2071134453890488e-07
25 30  4.4216131662095318e-07
25 31  -1.1263724110688628e-05
25 32  -3.1895702872241768e-06
26 18  -6.0997558284664874e-07
26 19  2.0311034342799985e-06
26 22  -2.5583973399896734e-07
26 23  -5.0123225699645108e-06
26 25  -2.2389634028805700e-06
26 26  0.0000000000000000e+00
26 27  -2.5569129665938301e-05
26 28  -2.5587299340288224e-05
26 29  -7.3357974367713651e-07
26 30  7.6096159081461372e-08
26 31  -1.0232437039277724e-05
26 32  -1.7543266128513274e-05
26 41  6.1764726077835278e-06
26 43  -2.2432087306776912e-06
26 45  1.0740933816302007e-05
26 46  -3.9610736874046937e-06
26 47  2.4065702458830136e-06
26 48  -7.9338487309350605e-07
27 18  1.9426335359907968e-05
27 19  1.4155274621189696e-05
27 22  5.4543381911016462e-06
27 23  1.4361924267474187e-05
27 25  1.7945835563687649e-05
27 26  2.5569129665938301e-05
27 27  0.0000000000000000e+00
27 28  1.5064724274403227e-05
27 29  2.5793733710252228e-06
27 30  5.5661041118726287e-06
27 31  -5.5208145174163677e-07
27 32  2.7484944886358955e-06
27 398  -4.3005599484467488e-06
27 399  -1.0034203831999685e-06
27 401  -3.7153832359152125e-05
27 402  -1.3102327736559072e-05
27 403  -1.2197192392750792e-05
27 404  -4.6204651065376240e-06
28 18  6.6108822237058318e-06
28 19  3.1375334881020548e-05
28 22  -2.4812233513443199e-06
28 23  1.1992725086358275e-05
28 25  2.1887297426058039e-06
28 26  2.5587299340288224e-05
28 27  -1.5064724274403227e-05
28 28  0.0000000000000000e+00
28 29  3.0625544578562844e-07
28 30  3.1332292740819699e-06
28 31  -7.0350829261527403e-06
28 32  -1.1247974425680038e-06
28 41  1.5582561556231577e-05
28 43  3.5629578331544384e-05
28 45  3.5791161676882748e-05
28 46  7.0432685265222678e-05
28 47  8.3755334042503331e-06
28 48  1.5568353899331102e-05
28 398  -6.5743859716941055e-06
28 399  -8.1243886749566287e-06
28 401  -4.1896199725255628e-05
28 402  -8.4665113861167392e-05
28 403  -1.2746414600763831e-05
28 404  -2.8858330821194088e-05
28 409  -1.2126940306969584e-06
28 411  -1.9712817737273725e-06
28 412  -3.5958566402458598e-07
29 25  -3.2071134453890488e-07
29 26  7.3357974367713651e-07
29 27  -2.5793733710252228e-06
29 28  -3.0625544578562844e-07
29 29  0.0000000000000000e+00
29 30  8.6548663526297602e-07
29 31  -9.8020093241388751e-06
29 32  -1.1681907382454157e-06
30 25  -4.4216131662095318e-07
30 26  -7.6096159081461372e-08
30 27  -5.5661041118726287e-06
30 28  -3.1332292740819699e-06
30 29  -8.6548663526297602e-07
30 30  0.0000000000000000e+00
30 31  -1.3813935319920798e-05
30 32  -1.3761906034427162e-05
30 45  3.8730372257450441e-06
30 46  -2.0816039627534937e-06
30 47  5.5467762311133498e-06
30 48  -2.3859191725555871e-06
31 25  1.1263724110688628e-05
31 26  1.0232437039277724e-05
31 27  5.5208145174163677e-07
31 28  7.0350829261527403e-06
31 29  9.8020093241388751e-06
31 30  1.3813935319920798e-05
31 31  0.0000000000000000e+00
31 32  7.8515082487329761e-06
31 401  -8.2037221032773306e-06
31 402  -2.7826379953673888e-06
31 403  -1.8175304724733319e-05
31 404  -6.4057404889134308e-06
32 25  3.1895702872241768e-06
32 26  1.7543266128513274e-05
32 27  -2.7484944886358955e-06
32 28  1.1247974425680038e-06
32 29  1.1681907382454157e-06
32 30  1.3761906034427162e-05
32 31  -7.8515082487329761e-06
32 32  0.0000000000000000e+00
32 45  1.2544301889615161e-05
32 46  2.5085741859097202e-05
32 47  1.9357914668564299e-05
32 48  3.6757793271193383e-05
32 401  -9.7553795661416269e-06
32 402  -1.8650340105354449e-05
32 403  -2.0911126629633395e-05
32 404  -4.2160703457744159e-05
32 411  -1.1003447603193857e-06
32 412  -1.1232084126619280e-06
33 3  -1.0743643401444243e-05
33 4  -3.8734274230468800e-06
33 7  -3.5789929317852929e-05
33 8  -1.2544292395913275e-05
33 10  -4.9977825318818188e-07
33 12  -3.0481442369186052e-06
33 33  0.0000000000000000e+00
33 34  -7.0948910838187898e-08
33 35  -8.2804349901980961e-06
33 36  -7.8909248461802256e-06
33 37  2.1119905883243124e-06
33 38  -5.2085099125376429e-06
33 49  1.1812944254563042e-05
33 50  2.6727548156393224e-06
33 51  -6.6828421151722950e-08
33 52  -1.5379389971842660e-07
33 53  5.4758445566685280e-06
33 54  7.3959719297046403e-07
34 3  -2.4069920027399781e-06
34 4  -5.5468953057744901e-06
34 7  -8.3751222557811859e-06
34 8  -1.9357653848421692e-05
34 33  7.0948910838187898e-08
34 34  0.0000000000000000e+00
34 35  -3.4087658664199996e-07
34 36  -4.5223348589736914e-06
34 49  4.0601201426583156e-06
34 50  6.1165008639902451e-06
34 51  6.1611296416227115e-09
34 52  -3.0778930218950450e-07
35 3  3.9596764564345750e-06
35 4  2.0810261761305377e-06
35 7  -7.0438946145417580e-05
35 8  -2.5089702288272719e-05
35 10  8.6794178244696937e-07
35 12  -5.4355599234343565e-06
35 33  8.2804349901980961e-06
35 34  3.4087658664199996e-07
35 35  0.0000000000000000e+00
35 36  -1.0682379891747573e-06
35 37  1.5386753767771471e-05
35 38  9.2181790588223082e-06
35 49  2.3333408002412629e-05
35 50  5.5352318259593780e-06
35 51  6.8284615639616813e-05
35 52  1.5682548379295481e-05
35 53  9.2538416416227767e-06
35 54  2.9486497129593691e-05
35 391  -7.9953238834815489e-05
35 392  -2.3751842972974471e-05
35 394  -1.3559033314955207e-05
35 405  -4.6532682602053516e-05
35 406  -1.9576118514110442e-05
35 407  -3.9469403762800301e-06
35 413  2.2851701823572071e-06
35 414  2.1838492924105995e-07
35 415  2.5880063202536843e-06
36 3  7.9327352802744969e-07
36 4  2.3857469956188895e-06
36 7  -1.5567546677437346e-05
36 8  -3.6758860840171827e-05
36 33  7.8909248461802256e-06
36 34  4.5223348589736914e-06
36 35  1.0682379891747573e-06
36 36  0.0000000000000000e+00
36 49  7.9711701419541013e-06
36 50  1.2753573920321733e-05
36 51  2.3577290673480604e-05
36 52  3.6648072076570581e-05
36 391  -1.9124261503232075e-05
36 392  -4.0668852937546849e-05
36 405  -9.2081896032847808e-06
36 406  -2.3685686025492511e-05
36 413  1.0434966355927293e-06
36 414  9.5966276529377901e-07
37 3  -6.1883860745314420e-06
37 7  -1.5588148024651500e-05
37 10  -8.9989704917139365e-06
37 12  -2.7245826036552870e-05
37 14  -5.1624196200648475e-06
37 16  -2.2217116451571179e-06
37 33  -2.1119905883243124e-06
37 35  -1.5386753767771471e-05
37 37  0.0000000000000000e+00
37 38  -6.1119408414994158e-06
37 39  -1.3223534335091756e-05
37 40  -1.2380048362386892e-05
37 49  9.6230542701917701e-07
37 51  -9.3192011504391132e-08
37 53  8.7969083434232716e-06
37 54  4.9032793055688825e-07
37 55  2.1095484342765914e-06
37 56  -3.6547847846366398e-07
38 3  2.2374992530866946e-06
38 7  -3.5663191003495972e-05
38 10  2.3770008906874578e-06
38 12  -5.7705926463356950e-05
38 14  2.1897595553635284e-07
38 16  -7.2890872343724170e-06
38 33  5.2085099125376429e-06
38 35  -9.2181790588223082e-06
38 37  6.1119408414994158e-06
38 38  0.0000000000000000e+00
38 39  1.0127561535988942e-05
38 40  6.2358349025713970e-07
38 49  2.3905505364723333e-06
38 51  6.6493907917492663e-06
38 53  1.6790806216716654e-05
38 54  5.1484589893537321e-05
38 55  6.6985667672471557e-06
38 56  2.1467431173282723e-05
38 391  -2.8718730957539294e-05
38 394  -7.3724963505894929e-05
38 396  -3.9060391379599098e-06
38 405  -3.2003903839563914e-05
38 407  -4.0315851263682804e-05
38 408  -1.1932225916029277e-05
38 413  -1.0930224609178806e-07
38 415  2.8393649962536558e-06
38 416  1.9666846647217339e-06
39 10  -4.8160668758982149e-08
39 12  -1.1727356783234079e-05
39 14  -5.0030445609169024e-05
39 16  -4.6266308947981456e-05
39 37  1.3223534335091756e-05
39 38  -1.0127561535988942e-05
39 39  0.0000000000000000e+00
39 40  -1.0130812493105725e-04
39 53  1.7311897182727084e-06
39 54  5.2201756502906659e-07
39 55  6.0466237759842752e-05
39 56  1.1576421881889743e-05
39 73  9.3533611625176848e-07
39 75  4.1688599339814137e-07
39 1396  -1.1889398240820330e-07
39 1397  -6.5416582247139355e-07
39 1398  0.0000000000000000e+00
39 1406  -2.4121266715918027e-07
39 1440  1.2458627044560515e-06
39 1441  0.0000000000000000e+00
39 1442  -1.1621991187863782e-06
39 1443  0.0000000000000000e+00
39 1446  5.5526475630585044e-06
39 1447  3.5826057378751834e-06
39 1448  0.0000000000000000e+00
39 1451  -1.0635992021933053e-06
39 1452  0.0000000000000000e+00
39 1454  -4.6447717416830948e-07
39 1478  5.1708671905057639e-06
39 1479  0.0000000000000000e+00
39 1480  5.1080615683100562e-06
39 1481  0.0000000000000000e+00
39 1484  0.0000000000000000e+00
39 1485  0.0000000000000000e+00
39 1486  0.0000000000000000e+00
39 1488  5.0550286831184259e-07
39 1489  0.0000000000000000e+00
39 1491  0.0000000000000000e+00
40 10  3.1843403292419061e-06
40 12  -3.2523040572302205e-05
40 14  1.8280547969530415e-06
40 16  -1.4798606735952683e-04
40 37  1.2380048362386892e-05
40 38  -6.2358349025713970e-07
40 39  1.0130812493105725e-04
40 40  0.0000000000000000e+00
40 53  7.0056046333816833e-07
40 54  2.4594004921017530e-06
40 55  4.1513597054000438e-05
40 56  1.8203549351047322e-04
40 73  8.0715961297163235e-07
40 75  3.1890404128335053e-06
40 394  -2.8303558268264997e-05
40 396  -7.9925723309222173e-05
40 407  -3.5667788070739975e-05
40 408  -1.8451339402439636e-04
40 415  1.2957912441052815e-07
40 416  1.1248235912344723e-05
40 425  6.8191007369342415e-07
40 1396  1.4649976882092723e-07
40 1397  3.0981890433870719e-07
40 1398  0.0000000000000000e+00
40 1406  -1.3335098260404622e-06
40 1440  1.3184590566350205e-06
40 1441  0.0000000000000000e+00
40 1442  5.1564939539348034e-06
40 1443  0.0000000000000000e+00
40 1446  2.7868926076738964e-06
40 1447  1.3803348274324636e-05
40 1448  0.0000000000000000e+00
40 1451  -1.4188291826325029e-06
40 1452  0.0000000000000000e+00
40 1454  1.2744993933315274e-05
40 1478  1.9685838441270333e-06
40 1479  0.0000000000000000e+00
40 1480  1.0869963201044371e-05
40 1481  0.0000000000000000e+00
40 1484  0.0000000000000000e+00
40 1485  0.0000000000000000e+00
40 1486  0.0000000000000000e+00
40 1488  1.5369498722023231e-05
40 1489  0.0000000000000000e+00
40 1491  0.0000000000000000e+00
40 1649  -2.1164241566874229e-06
40 1650  0.0000000000000000e+00
40 1657  -3.3457823899823175e-07
40 1681  -1.0849707703825754e-05
40 1682  0.0000000000000000e+00
40 1684  -3.1944973541022572e-06
40 1685  0.0000000000000000e+00
40 1687  -2.3307650548239164e-06
40 1688  0.0000000000000000e+00
40 1690  -2.3281333913871363e-06
40 1707  5.3447937684049973e-06
40 1708  0.0000000000000000e+00
40 1710  0.0000000000000000e+00
40 1711  0.0000000000000000e+00
40 1713  1.2413759648774255e-07
40 1714  0.0000000000000000e+00
40 1716  0.0000000000000000e+00
41 19  -9.0509710141064114e-06
41 20  -5.0604822644735254e-06
41 23  -2.7288234860302136e-05
41 24  -2.1738729775446280e-06
41 26  -6.1764726077835278e-06
41 28  -1.5582561556231577e-05
41 41  0.0000000000000000e+00
41 42  -1.2943771866112541e-05
41 43  -6.1139267719049664e-06
41 44  -1.2233735764974872e-05
41 45  -2.0933880198398298e-06
41 46  -1.5377970093118461e-05
41 57  8.8109682341117429e-06
41 58  2.2128875535266839e-06
41 59  4.9617302718338464e-07
41 60  -3.4566468881275172e-07
41 61  9.6469094636165113e-07
41 62  -9.2435623918658679e-08
42 19  -2.0078852296561896e-07
42 20  -4.9098981832243888e-05
42 23  -1.1817458800661134e-05
42 24  -4.5262499798275921e-05
42 41  1.2943771866112541e-05
42 42  0.0000000000000000e+00
42 43  -1.0287745781237169e-05
42 44  -1.0080183324773084e-04
42 57  1.7144367979494100e-06
42 58  6.0561885463110811e-05
42 59  5.1304108086555866e-07
42 60  1.1412775081452106e-05
42 77  9.2761614336350634e-07
42 79  4.1218336360579796e-07
42 1433  -1.0946997557644772e-07
42 1434  -6.3244728449146469e-07
42 1435  0.0000000000000000e+00
42 1439  -2.4565277435438814e-07
42 1468  1.2785876235999996e-06
42 1469  -1.0679111658213028e-06
42 1470  0.0000000000000000e+00
42 1471  0.0000000000000000e+00
42 1472  5.5122661202760257e-06
42 1473  3.5530549509358784e-06
42 1474  0.0000000000000000e+00
42 1475  -1.0152438050082438e-06
42 1476  0.0000000000000000e+00
42 1477  -4.3636152340402369e-07
42 1502  5.1413213588106148e-06
42 1503  5.0748408494709566e-06
42 1504  0.0000000000000000e+00
42 1505  0.0000000000000000e+00
42 1506  0.0000000000000000e+00
42 1507  0.0000000000000000e+00
42 1508  0.0000000000000000e+00
42 1509  4.8239256860215558e-07
42 1510  0.0000000000000000e+00
42 1511  0.0000000000000000e+00
43 19  2.3682352751418930e-06
43 20  2.7956121960741969e-07
43 23  -5.7869072436902245e-05
43 24  -6.9099000726144597e-06
43 26  2.2432087306776912e-06
43 28  -3.5629578331544384e-05
43 41  6.1139267719049664e-06
43 42  1.0287745781237169e-05
43 43  0.0000000000000000e+00
43 44  1.4527164408793814e-06
43 45  5.2154256182827502e-06
43 46  -9.1722003595046641e-06
43 57  1.6802488065443928e-05
43 58  6.7553072125085754e-06
43 59  5.1532554984161465e-05
43 60  2.1567289761906254e-05
43 61  2.3925967871234636e-06
43 62  6.6577798161694604e-06
43 399  -7.3778398072864260e-05
43 400  -3.7851341750301535e-06
43 402  -2.8702614731884107e-05
43 409  -4.0321713345879717e-05
43 410  -1.1758747936356114e-05
43 411  -3.1984629847473321e-05
43 417  2.8539570362612018e-06
43 418  1.9953271230043466e-06
43 419  -1.0689333150026467e-07
44 19  3.1050124599578557e-06
44 20  2.0366988465439872e-06
44 23  -3.3012795422585337e-05
44 24  -1.4283165902921147e-04
44 41  1.2233735764974872e-05
44 42  1.0080183324773084e-04
44 43  -1.4527164408793814e-06
44 44  0.0000000000000000e+00
44 57  6.9516822976665500e-07
44 58  4.1448115438806992e-05
44 59  2.4337029836927844e-06
44 60  1.8049953848026744e-04
44 77  8.0154847232628963e-07
44 79  3.1618020542251176e-06
44 399  -2.8482027397029540e-05
44 400  -7.8023255056418973e-05
44 409  -3.5971849730922675e-05
44 410  -1.8412067850657514e-04
44 417  1.2326227016639299e-07
44 418  1.0991200597885974e-05
44 427  6.7504380961790025e-07
44 1433  1.4765370345928820e-07
44 1434  3.2878890180063111e-07
44 1435  0.0000000000000000e+00
44 1439  -1.4029460256535066e-06
44 1468  1.3200799333239713e-06
44 1469  5.2270918717645160e-06
44 1470  0.0000000000000000e+00
44 1471  0.0000000000000000e+00
44 1472  2.7703558782286972e-06
44 1473  1.3722048726085306e-05
44 1474  0.0000000000000000e+00
44 1475  -8.7701330454829312e-07
44 1476  0.0000000000000000e+00
44 1477  1.2977279567854514e-05
44 1502  1.9579967281342904e-06
44 1503  1.0807680407772107e-05
44 1504  0.0000000000000000e+00
44 1505  0.0000000000000000e+00
44 1506  0.0000000000000000e+00
44 1507  0.0000000000000000e+00
44 1508  0.0000000000000000e+00
44 1509  1.5071026105195032e-05
44 1510  0.0000000000000000e+00
44 1511  0.0000000000000000e+00
44 1675  -2.0290383107412849e-06
44 1676  0.0000000000000000e+00
44 1680  -3.2209227674587555e-07
44 1700  -7.1200349903592492e-06
44 1701  0.0000000000000000e+00
44 1702  -2.8103978589964528e-06
44 1703  0.0000000000000000e+00
44 1704  -2.2880000144232181e-06
44 1705  0.0000000000000000e+00
44 1706  -2.2856539075379648e-06
44 1724  5.2383520896896990e-06
44 1725  0.0000000000000000e+00
44 1726  0.0000000000000000e+00
44 1727  0.0000000000000000e+00
44 1728  1.2170353534774694e-07
44 1729  0.0000000000000000e+00
44 1730  0.0000000000000000e+00
45 19  -5.0483609183300923e-07
45 23  -3.0544789027224980e-06
45 26  -1.0740933816302007e-05
45 28  -3.5791161676882748e-05
45 30  -3.8730372257450441e-06
45 32  -1.2544301889615161e-05
45 41  2.0933880198398298e-06
45 43  -5.2154256182827502e-06
45 45  0.0000000000000000e+00
45 46  -8.2816624974372186e-06
45 47  -7.0636835002314196e-08
45 48  -7.8911757299416113e-06
45 57  5.4739349870571351e-06
45 59  7.3868460166115269e-07
45 61  1.1812980539526898e-05
45 62  -6.7128715377392913e-08
45 63  2.6729545797061948e-06
45 64  -1.5376930909808471e-07
46 19  8.6448523737575172e-07
46 23  -5.4621296860583801e-06
46 26  3.9610736874046937e-06
46 28  -7.0432685265222678e-05
46 30  2.0816039627534937e-06
46 32  -2.5085741859097202e-05
46 41  1.5377970093118461e-05
46 43  9.1722003595046641e-06
46 45  8.2816624974372186e-06
46 46  0.0000000000000000e+00
46 47  3.4092335102856872e-07
46 48  -1.0657112649793507e-06
46 57  9.2537335588057579e-06
46 59  2.9485849657864427e-05
46 61  2.3335741032419163e-05
46 62  6.8292436682063234e-05
46 63  5.5358950538665600e-06
46 64  1.5684934352072100e-05
46 399  -1.3576967172791869e-05
46 402  -7.9945173446735186e-05
46 404  -2.3749914210514572e-05
46 409  -3.9509928754272998e-06
46 411  -4.6534385454280248e-05
46 412  -1.9574985760959526e-05
46 417  2.5890119297988042e-06
46 419  2.2894437564407281e-06
46 420  2.1976554463217931e-07
47 26  -2.4065702458830136e-06
47 28  -8.3755334042503331e-06
47 30  -5.5467762311133498e-06
47 32  -1.9357914668564299e-05
47 45  7.0636835002314196e-08
47 46  -3.4092335102856872e-07
47 47  0.0000000000000000e+00
47 48  -4.5225824871154356e-06
47 61  4.0598552439621035e-06
47 62  5.9235082897925030e-09
47 63  6.1164919092348162e-06
47 64  -3.0793485944305819e-07
48 26  7.9338487309350605e-07
48 28  -1.5568353899331102e-05
48 30  2.3859191725555871e-06
48 32  -3.6757793271193383e-05
48 45  7.8911757299416113e-06
48 46  1.0657112649793507e-06
48 47  4.5225824871154356e-06
48 48  0.0000000000000000e+00
48 61  7.9713071075305991e-06
48 62  2.3577226589928764e-05
48 63  1.2753989886343316e-05
48 64  3.6648980203303608e-05
48 402  -1.9123612323845335e-05
48 404  -4.0668260624763603e-05
48 411  -9.2094439289696896e-06
48 412  -2.3686504513130925e-05
48 419  1.0442136017795242e-06
48 420  9.6159325632892674e-07
49 33  -1.1812944254563042e-05
49 34  -4.0601201426583156e-06
49 35  -2.3333408002412629e-05
49 36  -7.9711701419541013e-06
49 37  -9.6230542701917701e-07
49 38  -2.3905505364723333e-06
49 49  0.0000000000000000e+00
49 50  -1.4039874742386640e-07
49 51  -4.9060451697164715e-07
49 52  -1.7301924904706469e-06
49 53  1.0846098361008523e-06
49 54  -1.8695138233248051e-06
49 65  5.6025040994677399e-06
49 66  1.3005934598531074e-06
49 67  1.9241872545759369e-06
49 68  4.0726369057143490e-07
49 69  2.2343523665945955e-06
49 70  9.0889670645182538e-07
50 33  -2.6727548156393224e-06
50 34  -6.1165008639902451e-06
50 35  -5.5352318259593780e-06
50 36  -1.2753573920321733e-05
50 49  1.4039874742386640e-07
50 50  0.0000000000000000e+00
50 51  -1.0687795252121788e-06
50 52  -2.7400762236528492e-07
50 65  1.9676507708530542e-06
50 66  3.1186772060202678e-06
50 67  6.9430522250062438e-07
50 68  1.0255654104020919e-06
51 33  6.6828421151722950e-08
51 34  -6.1611296416227115e-09
51 35  -6.8284615639616813e-05
51 36  -2.3577290673480604e-05
51 37  9.3192011504391132e-08
51 38  -6.6493907917492663e-06
51 49  4.9060451697164715e-07
51 50  1.0687795252121788e-06
51 51  0.0000000000000000e+00
51 52  -6.4336319942138753e-07
51 53  3.8465749738590366e-06
51 54  4.4961784875615479e-06
51 65  7.3199724998955541e-06
51 66  1.7502572032543571e-06
51 67  2.6087510297765177e-05
51 68  6.1248377858263191e-06
51 69  2.7361990890941826e-06
51 70  1.0127669008226928e-05
51 405  -5.3259790227940565e-05
51 406  -1.6705165028235238e-05
51 407  -7.4270242060042353e-06
51 413  -5.9977946521308065e-06
51 414  -3.4253120032867080e-06
51 415  -5.6727423757575024e-06
51 421  6.1062056931086145e-06
51 422  1.3771685251786276e-06
51 423  2.4401526485880002e-06
52 33  1.5379389971842660e-07
52 34  3.0778930218950450e-07
52 35  -1.5682548379295481e-05
52 36  -3.6648072076570581e-05
52 49  1.7301924904706469e-06
52 50  2.7400762236528492e-07
52 51  6.4336319942138753e-07
52 52  0.0000000000000000e+00
52 65  2.5444850502227588e-06
52 66  4.1456612272512351e-06
52 67  9.0771376142273879e-06
52 68  1.4626029123143535e-05
52 405  -1.2810736822108907e-05
52 406  -2.8034211985309006e-05
52 413  -4.3304693430458988e-06
52 414  -3.3660014853794130e-06
52 421  2.0777226382163129e-06
52 422  3.3486226606795022e-06
53 33  -5.4758445566685280e-06
53 35  -9.2538416416227767e-06
53 37  -8.7969083434232716e-06
53 38  -1.6790806216716654e-05
53 39  -1.7311897182727084e-06
53 40  -7.0056046333816833e-07
53 49  -1.0846098361008523e-06
53 51  -3.8465749738590366e-06
53 53  0.0000000000000000e+00
53 54  -3.1465226469556517e-07
53 55  -4.3185715820102754e-06
53 56  -4.7469676781993063e-06
53 65  5.1513298106042336e-07
53 67  1.4677218478214468e-07
53 69  3.6267350070318048e-06
53 70  1.3788824688032544e-06
53 71  1.6889776741957105e-06
53 72  7.3590978823934563e-07
54 33  -7.3959719297046403e-07
54 35  -2.9486497129593691e-05
54 37  -4.9032793055688825e-07
54 38  -5.1484589893537321e-05
54 39  -5.2201756502906659e-07
54 40  -2.4594004921017530e-06
54 49  1.8695138233248051e-06
54 51  -4.4961784875615479e-06
54 53  3.1465226469556517e-07
54 54  0.0000000000000000e+00
54 55  1.4551133677530764e-06
54 56  -5.1744047792857775e-06
54 65  7.3088089430862038e-07
54 67  2.5840217881328813e-06
54 69  4.6835931932003230e-06
54 70  1.7233986623091469e-05
54 71  2.0682632194326566e-06
54 72  7.8481424959924261e-06
54 405  -1.9323250977987922e-05
54 407  -4.2306142093583412e-05
54 408  -6.8884001694593672e-07
54 413  -8.0674446899058067e-06
54 415  -4.3308382499721120e-06
54 416  -8.2306896420488214e-06
54 421  6.2272441589941488e-07
54 423  4.3156192688700636e-06
54 424  1.9832187114700001e-06
55 37  -2.1095484342765914e-06
55 38  -6.6985667672471557e-06
55 39  -6.0466237759842752e-05
55 40  -4.1513597054000438e-05
55 53  4.3185715820102754e-06
55 54  -1.4551133677530764e-06
55 55  0.0000000000000000e+00
55 56  -3.1847272994939651e-05
55 69  4.4055754897937624e-08
55 70  3.1184245437023371e-06
55 71  2.2260314417289569e-06
55 72  4.4846759696465577e-05
55 73  1.0033536930588136e-06
55 74  1.9755965161569223e-05
55 75  2.8038239059061629e-07
55 76  4.5111824827156679e-07
55 1446  -2.2460213397987473e-07
55 1447  0.0000000000000000e+00
55 1448  -1.5759690835417784e-07
55 1454  -3.7936742921659703e-06
55 1478  0.0000000000000000e+00
55 1479  -1.7942640009756849e-06
55 1480  0.0000000000000000e+00
55 1481  -3.2008094273083079e-07
