%Vec Object: 2 MPI processes
%  type: mpi
Vec_0x84000004_1 = [
-5.0000000000000010e-03
-2.5000000000000001e-03
-4.9999999999999992e-03
-1.0000000000000002e-02
0.0000000000000000e+00
0.0000000000000000e+00
0.0000000000000000e+00
0.0000000000000000e+00
0.0000000000000000e+00
0.0000000000000000e+00
-4.9999999999999984e-03
-1.0000000000000000e-02
0.0000000000000000e+00
0.0000000000000000e+00
0.0000000000000000e+00
-4.9999999999999992e-03
-1.0000000000000000e-02
0.0000000000000000e+00
0.0000000000000000e+00
0.0000000000000000e+00
-4.9999999999999992e-03
-1.0000000000000000e-02
0.0000000000000000e+00
0.0000000000000000e+00
0.0000000000000000e+00
-1.0000000000000002e-02
-9.9999999999999967e-03
-9.9999999999999985e-03
-4.9999999999999975e-03
0.0000000000000000e+00
0.0000000000000000e+00
0.0000000000000000e+00
-9.9999999999999967e-03
-9.9999999999999985e-03
-4.9999999999999975e-03
0.0000000000000000e+00
0.0000000000000000e+00
0.0000000000000000e+00
-1.0000000000000000e-02
-1.0000000000000004e-02
-1.0000000000000005e-02
-1.0000000000000002e-02
-5.0000000000000010e-03
0.0000000000000000e+00
0.0000000000000000e+00
0.0000000000000000e+00
-1.0000000000000004e-02
-1.0000000000000005e-02
-1.0000000000000004e-02
-5.0000000000000010e-03
0.0000000000000000e+00
0.0000000000000000e+00
0.0000000000000000e+00
-9.9999999999999985e-03
-1.0000000000000000e-02
-9.9999999999999967e-03
-4.9999999999999975e-03
0.0000000000000000e+00
0.0000000000000000e+00
0.0000000000000000e+00
-4.9999999999999992e-03
-5.0000000000000001e-03
-4.9999999999999984e-03
-2.4999999999999988e-03
0.0000000000000000e+00
0.0000000000000000e+00
0.0000000000000000e+00
-2.5000000000000005e-03
-5.0000000000000010e-03
-1.0000000000000002e-02
-5.0000000000000010e-03
-5.0000000000000010e-03
-1.0000000000000002e-02
-5.0000000000000010e-03
-1.0000000000000002e-02
-5.0000000000000010e-03
-1.0000000000000002e-02
-5.0000000000000010e-03
-1.0000000000000002e-02
-1.0000000000000002e-02
-5.0000000000000010e-03
-1.0000000000000000e-02
-1.0000000000000000e-02
-1.0000000000000002e-02
-1.0000000000000000e-02
-1.0000000000000000e-02
-5.0000000000000010e-03
-1.0000000000000000e-02
-1.0000000000000002e-02
-1.0000000000000002e-02
-1.0000000000000000e-02
-1.0000000000000002e-02
-5.0000000000000010e-03
-1.0000000000000000e-02
-1.0000000000000000e-02
-1.0000000000000002e-02
-1.0000000000000000e-02
-5.0000000000000001e-03
-9.9999999999999967e-03
-9.9999999999999985e-03
-9.9999999999999985e-03
-1.0000000000000000e-02
-5.0000000000000001e-03
-9.9999999999999967e-03
-9.9999999999999985e-03
-1.0000000000000004e-02
-5.0000000000000027e-03
-1.0000000000000002e-02
-1.0000000000000004e-02
-1.0000000000000005e-02
-5.0000000000000027e-03
-1.0000000000000004e-02
-1.0000000000000004e-02
-1.0000000000000000e-02
-5.0000000000000001e-03
-9.9999999999999967e-03
-9.9999999999999985e-03
-4.9999999999999992e-03
-2.5000000000000001e-03
-4.9999999999999984e-03
-4.9999999999999992e-03
];
