%%MatrixMarket matrix coordinate  real general
3599 3599 17839
1 1 3.5959262870141951541603719892635295131552361502791370639897650108e-14
2 1 -7.6010781671158791540740682907082602345801838547578732629972364521e-15
48 1 -1.3156028368794309346216083694439681957440418241800372811667330097e-14
1 2 -7.6010781671158791540740682907082602345801838547578732629972364521e-15
2 2 2.8358184703026067654364220275856202426600785951316119337661803002e-14
3 2 -7.6010781671158791540740682907082602345801838547578732629972364521e-15
49 2 -1.3156028368794309346216083694439681957440418241800372811667330097e-14
2 3 -7.6010781671158791540740682907082602345801838547578732629972364521e-15
3 3 2.8358184703026067654364220275856202426600785951316119337661803002e-14
4 3 -7.6010781671158807317958787327318710580373144203303326094101066701e-15
50 3 -1.3156028368794306190772462810392460310526157110655454118841589661e-14
3 4 -7.6010781671158807317958787327318710580373144203303326094101066701e-15
4 4 2.8358184703026073965251462043950645720429308213605956723313283874e-14
5 4 -7.6010781671158791540740682907082602345801838547578732629972364521e-15
51 4 -1.3156028368794312501659704578486903604354679372945291504493070533e-14
4 5 -7.6010781671158791540740682907082602345801838547578732629972364521e-15
5 5 2.8358184703026058188033357623714537485858002557881363259184581693e-14
6 5 -7.6010781671158728431868265226138169407516615924680358773457555799e-15
52 5 -1.3156028368794306190772462810392460310526157110655454118841589661e-14
5 6 -7.6010781671158728431868265226138169407516615924680358773457555799e-15
6 6 2.8358184703026108675131291768470083836486180656200062344396428671e-14
7 6 -7.6010781671159296411720024354638065852083619530765723482090834295e-15
53 6 -1.3156028368794306190772462810392460310526157110655454118841589661e-14
6 7 -7.6010781671159296411720024354638065852083619530765723482090834295e-15
7 7 2.8358184703025887794077829885164568552487901476055753846594598144e-14
8 7 -7.6010781671158286669761341459527138839520057564391741777853894746e-15
54 7 -1.3156028368794131063651503745771658906784664332112466667012995458e-14
7 8 -7.6010781671158286669761341459527138839520057564391741777853894746e-15
8 8 2.8358184703026430530380621941286691821740816032981769012621953152e-14
9 8 -7.6010781671159296411720024354638065852083619530765723482090834295e-15
55 8 -1.3156028368794670644510674917846560529123317757893563140214610030e-14
8 9 -7.6010781671159296411720024354638065852083619530765723482090834295e-15
9 9 2.8358184703025625892257296509245171858604227591027502342058141949e-14
10 9 -7.6010781671159296411720024354638065852083619530765723482090834295e-15
56 9 -1.3156028368793766609913291638317558688187503684874357645639975090e-14
9 10 -7.6010781671159296411720024354638065852083619530765723482090834295e-15
10 10 2.8358184703026266447312335970831166182199237213445996985683450475e-14
11 10 -7.6010781671156693170732795015680207147818186336207801900854974519e-15
57 10 -1.3156028368794670644510674917846560529123317757893563140214610030e-14
10 11 -7.6010781671156693170732795015680207147818186336207801900854974519e-15
11 11 2.8358184703026266447312335970831166182199237213445996985683450475e-14
12 11 -7.6010781671159296411720024354638065852083619530765723482090834295e-15
58 11 -1.3156028368794670644510674917846560529123317757893563140214610030e-14
11 12 -7.6010781671159296411720024354638065852083619530765723482090834295e-15
12 12 2.8358184703025625892257296509245171858604227591027502342058141949e-14
13 12 -7.6010781671159296411720024354638065852083619530765723482090834295e-15
59 12 -1.3156028368793766609913291638317558688187503684874357645639975090e-14
12 13 -7.6010781671159296411720024354638065852083619530765723482090834295e-15
13 13 2.8358184703026531504576490230797784522997172229619167183045647107e-14
14 13 -7.6010781671159312188938128774874174086654925186490316946219536476e-15
60 13 -1.3156028368794670644510674917846560529123317757893563140214610030e-14
13 14 -7.6010781671159312188938128774874174086654925186490316946219536476e-15
14 14 2.8358184703025629047700917393292393505518488722172421034883882385e-14
15 14 -7.6010781671159296411720024354638065852083619530765723482090834295e-15
61 14 -1.3156028368793766609913291638317558688187503684874357645639975090e-14
14 15 -7.6010781671159296411720024354638065852083619530765723482090834295e-15
15 15 2.8358184703026266447312335970831166182199237213445996985683450475e-14
16 15 -7.6010781671156693170732795015680207147818186336207801900854974519e-15
62 15 -1.3156028368794670644510674917846560529123317757893563140214610030e-14
15 16 -7.6010781671156693170732795015680207147818186336207801900854974519e-15
16 16 2.8358184703026272758199577738925609476027759475735834371334931348e-14
17 16 -7.6010781671159312188938128774874174086654925186490316946219536476e-15
63 16 -1.3156028368794670644510674917846560529123317757893563140214610030e-14
16 17 -7.6010781671159312188938128774874174086654925186490316946219536476e-15
17 17 2.8358184703025629047700917393292393505518488722172421034883882385e-14
18 17 -7.6010781671159296411720024354638065852083619530765723482090834295e-15
64 17 -1.3156028368793766609913291638317558688187503684874357645639975090e-14
17 18 -7.6010781671159296411720024354638065852083619530765723482090834295e-15
18 18 2.8358184703026531504576490230797784522997172229619167183045647107e-14
19 18 -7.6010781671159296411720024354638065852083619530765723482090834295e-15
65 18 -1.3156028368794670644510674917846560529123317757893563140214610030e-14
18 19 -7.6010781671159296411720024354638065852083619530765723482090834295e-15
19 19 2.8358184703025625892257296509245171858604227591027502342058141949e-14
20 19 -7.6010781671159296411720024354638065852083619530765723482090834295e-15
66 19 -1.3156028368793766609913291638317558688187503684874357645639975090e-14
19 20 -7.6010781671159296411720024354638065852083619530765723482090834295e-15
20 20 2.8358184703026531504576490230797784522997172229619167183045647107e-14
21 20 -7.6010781671159296411720024354638065852083619530765723482090834295e-15
67 20 -1.3156028368794670644510674917846560529123317757893563140214610030e-14
20 21 -7.6010781671159296411720024354638065852083619530765723482090834295e-15
21 21 2.8358184703025625892257296509245171858604227591027502342058141949e-14
22 21 -7.6010781671159296411720024354638065852083619530765723482090834295e-15
68 21 -1.3156028368793766609913291638317558688187503684874357645639975090e-14
21 22 -7.6010781671159296411720024354638065852083619530765723482090834295e-15
22 22 2.8358184703026266447312335970831166182199237213445996985683450475e-14
23 22 -7.6010781671156693170732795015680207147818186336207801900854974519e-15
69 22 -1.3156028368794670644510674917846560529123317757893563140214610030e-14
22 23 -7.6010781671156693170732795015680207147818186336207801900854974519e-15
23 23 2.8358184703026266447312335970831166182199237213445996985683450475e-14
24 23 -7.6010781671159296411720024354638065852083619530765723482090834295e-15
70 23 -1.3156028368794670644510674917846560529123317757893563140214610030e-14
23 24 -7.6010781671159296411720024354638065852083619530765723482090834295e-15
24 24 2.8358184703025625892257296509245171858604227591027502342058141949e-14
25 24 -7.6010781671159296411720024354638065852083619530765723482090834295e-15
71 24 -1.3156028368793766609913291638317558688187503684874357645639975090e-14
24 25 -7.6010781671159296411720024354638065852083619530765723482090834295e-15
25 25 2.8358184703026272758199577738925609476027759475735834371334931348e-14
26 25 -7.6010781671156708947950899435916315382389491991932395364983676700e-15
72 25 -1.3156028368794670644510674917846560529123317757893563140214610030e-14
25 26 -7.6010781671156708947950899435916315382389491991932395364983676700e-15
26 26 2.8358184703026272758199577738925609476027759475735834371334931348e-14
27 26 -7.6010781671159296411720024354638065852083619530765723482090834295e-15
73 26 -1.3156028368794670644510674917846560529123317757893563140214610030e-14
26 27 -7.6010781671159296411720024354638065852083619530765723482090834295e-15
27 27 2.8358184703025625892257296509245171858604227591027502342058141949e-14
28 27 -7.6010781671159296411720024354638065852083619530765723482090834295e-15
74 27 -1.3156028368793766609913291638317558688187503684874357645639975090e-14
27 28 -7.6010781671159296411720024354638065852083619530765723482090834295e-15
28 28 2.8358184703026531504576490230797784522997172229619167183045647107e-14
29 28 -7.6010781671159312188938128774874174086654925186490316946219536476e-15
75 28 -1.3156028368794670644510674917846560529123317757893563140214610030e-14
28 29 -7.6010781671159312188938128774874174086654925186490316946219536476e-15
29 29 4.0615948068722626314423119877032905178826545367076761294811149128e-14
30 29 -7.6010781671159296411720024354638065852083619530765723482090834295e-15
76 29 -1.3156028368793766609913291638317558688187503684874357645639975090e-14
3031 29 -1.2257763365697000422165823367787733320222317776049258952753007179e-14
29 30 -7.6010781671159296411720024354638065852083619530765723482090834295e-15
30 30 5.6810382394097156130716430132008596957569022956047177785876556300e-14
31 30 -7.6010781671159296411720024354638065852083619530765723482090834295e-15
77 30 -1.3156028368794670644510674917846560529123317757893563140214610030e-14
3033 30 -2.8452197691070624626139939901210812434571850726428010602830909193e-14
30 31 -7.6010781671159296411720024354638065852083619530765723482090834295e-15
31 31 2.8358184703025625892257296509245171858604227591027502342058141949e-14
32 31 -7.6010781671159296411720024354638065852083619530765723482090834295e-15
78 31 -1.3156028368793766609913291638317558688187503684874357645639975090e-14
31 32 -7.6010781671159296411720024354638065852083619530765723482090834295e-15
32 32 2.8358184703026272758199577738925609476027759475735834371334931348e-14
33 32 -7.6010781671156708947950899435916315382389491991932395364983676700e-15
79 32 -1.3156028368794670644510674917846560529123317757893563140214610030e-14
32 33 -7.6010781671156708947950899435916315382389491991932395364983676700e-15
33 33 2.8358184703026272758199577738925609476027759475735834371334931348e-14
34 33 -7.6010781671159296411720024354638065852083619530765723482090834295e-15
80 33 -1.3156028368794670644510674917846560529123317757893563140214610030e-14
33 34 -7.6010781671159296411720024354638065852083619530765723482090834295e-15
34 34 2.8358184703025597493264708552820177036375877410723234106626478024e-14
35 34 -7.6010781671159012421794144790388117629800117727723041127774195047e-15
81 34 -1.3156028368793766609913291638317558688187503684874357645639975090e-14
34 35 -7.6010781671159012421794144790388117629800117727723041127774195047e-15
35 35 2.8358184703026531504576490230797784522997172229619167183045647107e-14
36 35 -7.6010781671159596178864008339124122308938426989532999300536175724e-15
82 35 -1.3156028368794670644510674917846560529123317757893563140214610030e-14
35 36 -7.6010781671159596178864008339124122308938426989532999300536175724e-15
36 36 2.8358184703025629047700917393292393505518488722172421034883882385e-14
37 36 -7.6010781671159012421794144790388117629800117727723041127774195047e-15
83 36 -1.3156028368793766609913291638317558688187503684874357645639975090e-14
36 37 -7.6010781671159012421794144790388117629800117727723041127774195047e-15
37 37 2.8358184703026241203763368898453393006885148164286647443077526987e-14
38 37 -7.6010781671156708947950899435916315382389491991932395364983676700e-15
84 37 -1.3156028368794670644510674917846560529123317757893563140214610030e-14
37 38 -7.6010781671156708947950899435916315382389491991932395364983676700e-15
38 38 2.8358184703026298001748544811303382651341848524895183913940854836e-14
39 38 -7.6010781671159596178864008339124122308938426989532999300536175724e-15
85 38 -1.3156028368794670644510674917846560529123317757893563140214610030e-14
38 39 -7.6010781671159596178864008339124122308938426989532999300536175724e-15
39 39 2.8358184703025629047700917393292393505518488722172421034883882385e-14
40 39 -7.6010781671159012421794144790388117629800117727723041127774195047e-15
86 39 -1.3156028368793766609913291638317558688187503684874357645639975090e-14
39 40 -7.6010781671159012421794144790388117629800117727723041127774195047e-15
40 40 2.8358184703026531504576490230797784522997172229619167183045647107e-14
41 40 -7.6010781671159596178864008339124122308938426989532999300536175724e-15
87 40 -1.3156028368794670644510674917846560529123317757893563140214610030e-14
40 41 -7.6010781671159596178864008339124122308938426989532999300536175724e-15
41 41 2.8358184703025629047700917393292393505518488722172421034883882385e-14
42 41 -7.6010781671159012421794144790388117629800117727723041127774195047e-15
88 41 -1.3156028368793766609913291638317558688187503684874357645639975090e-14
41 42 -7.6010781671159012421794144790388117629800117727723041127774195047e-15
42 42 2.8358184703026241203763368898453393006885148164286647443077526987e-14
43 42 -7.6010781671156708947950899435916315382389491991932395364983676700e-15
89 42 -1.3156028368794670644510674917846560529123317757893563140214610030e-14
42 43 -7.6010781671156708947950899435916315382389491991932395364983676700e-15
43 43 2.8358184703026298001748544811303382651341848524895183913940854836e-14
44 43 -7.6010781671159596178864008339124122308938426989532999300536175724e-15
90 43 -1.3156028368794670644510674917846560529123317757893563140214610030e-14
43 44 -7.6010781671159596178864008339124122308938426989532999300536175724e-15
44 44 2.8358184703025629047700917393292393505518488722172421034883882385e-14
45 44 -7.6010781671159012421794144790388117629800117727723041127774195047e-15
91 44 -1.3156028368793766609913291638317558688187503684874357645639975090e-14
44 45 -7.6010781671159012421794144790388117629800117727723041127774195047e-15
45 45 2.8358184703026531504576490230797784522997172229619167183045647107e-14
46 45 -7.6010781671159596178864008339124122308938426989532999300536175724e-15
92 45 -1.3156028368794670644510674917846560529123317757893563140214610030e-14
45 46 -7.6010781671159596178864008339124122308938426989532999300536175724e-15
46 46 2.8358184703025629047700917393292393505518488722172421034883882385e-14
47 46 -7.6010781671159012421794144790388117629800117727723041127774195047e-15
93 46 -1.3156028368793766609913291638317558688187503684874357645639975090e-14
46 47 -7.6010781671159012421794144790388117629800117727723041127774195047e-15
47 47 3.5959262870142027272250621109768614657494628650269419267715420574e-14
94 47 -1.3156028368794670644510674917846560529123317757893563140214610030e-14
1 48 -1.3156028368794309346216083694439681957440418241800372811667330097e-14
48 48 4.9115291238936469147098781934191605785334014400156377178063848987e-14
49 48 -7.6010781671159485738337277397471364666939287399460845051635260461e-15
95 48 -1.3156028368794310923937894136463292780897548807372832158080200315e-14
2 49 -1.3156028368794309346216083694439681957440418241800372811667330097e-14
48 49 -7.6010781671159485738337277397471364666939287399460845051635260461e-15
49 49 4.1514213071820518995543243752420858495182955094637833326487452723e-14
50 49 -7.6010781671159485738337277397471364666939287399460845051635260461e-15
96 49 -1.3156028368794310923937894136463292780897548807372832158080200315e-14
3 50 -1.3156028368794306190772462810392460310526157110655454118841589661e-14
49 50 -7.6010781671159485738337277397471364666939287399460845051635260461e-15
50 50 4.1514213071820512684656001984326415201354432832347995940835971851e-14
51 50 -7.6010781671159501515555381817707472901510593055185438515763962641e-15
97 50 -1.3156028368794307768494273252416071133983287676227913465254459879e-14
4 51 -1.3156028368794312501659704578486903604354679372945291504493070533e-14
50 51 -7.6010781671159501515555381817707472901510593055185438515763962641e-15
51 51 4.1514213071820518995543243752420858495182955094637833326487452723e-14
52 51 -7.6010781671159485738337277397471364666939287399460845051635260461e-15
98 51 -1.3156028368794312501659704578486903604354679372945291504493070533e-14
5 52 -1.3156028368794306190772462810392460310526157110655454118841589661e-14
51 52 -7.6010781671159485738337277397471364666939287399460845051635260461e-15
52 52 4.1514213071820506373768760216231971907525910570058158555184490979e-14
53 52 -7.6010781671159422629464859716526931728654064776562471195120451739e-15
99 52 -1.3156028368794307768494273252416071133983287676227913465254459879e-14
6 53 -1.3156028368794306190772462810392460310526157110655454118841589661e-14
52 53 -7.6010781671159422629464859716526931728654064776562471195120451739e-15
53 53 4.1514213071820556860866694360987518258154088668376857640396337956e-14
54 53 -7.6010781671159990609316618845026828173221068382647835903753730236e-15
100 53 -1.3156028368794310923937894136463292780897548807372832158080200315e-14
7 54 -1.3156028368794131063651503745771658906784664332112466667012995458e-14
53 54 -7.6010781671159990609316618845026828173221068382647835903753730236e-15
54 54 4.1514213071820165585857704739132034040785708406406939730004523881e-14
55 54 -7.6010781671158980867357935949915901160657506416273854199516790686e-15
101 54 -1.3156028368794137374538745513866102200613186594402304052664476330e-14
8 55 -1.3156028368794670644510674917846560529123317757893563140214610030e-14
54 55 -7.6010781671158980867357935949915901160657506416273854199516790686e-15
55 55 4.1514213071821238436688805315187393991634492995679295290756272152e-14
56 55 -7.6010781671159990609316618845026828173221068382647835903753730236e-15
102 55 -1.3156028368794670644510674917846560529123317757893563140214610030e-14
9 56 -1.3156028368793766609913291638317558688187503684874357645639975090e-14
55 56 -7.6010781671159990609316618845026828173221068382647835903753730236e-15
56 56 4.1514213071819534497133527929687704657933482177423201164856436662e-14
57 56 -7.6010781671159990609316618845026828173221068382647835903753730236e-15
103 56 -1.3156028368793768187635102080341169511644634250446816992052845308e-14
10 57 -1.3156028368794670644510674917846560529123317757893563140214610030e-14
56 57 -7.6010781671159990609316618845026828173221068382647835903753730236e-15
57 57 4.1514213071821080664507761112826311645921436438433360649469250347e-14
58 57 -7.6010781671157387368329389506068969468955635188089914322517870460e-15
104 57 -1.3156028368794670644510674917846560529123317757893563140214610030e-14
11 58 -1.3156028368794670644510674917846560529123317757893563140214610030e-14
57 58 -7.6010781671157387368329389506068969468955635188089914322517870460e-15
58 58 4.1514213071821080664507761112826311645921436438433360649469250347e-14
59 58 -7.6010781671159990609316618845026828173221068382647835903753730236e-15
105 58 -1.3156028368794670644510674917846560529123317757893563140214610030e-14
12 59 -1.3156028368793766609913291638317558688187503684874357645639975090e-14
58 59 -7.6010781671159990609316618845026828173221068382647835903753730236e-15
59 59 4.1514213071819534497133527929687704657933482177423201164856436662e-14
60 59 -7.6010781671159990609316618845026828173221068382647835903753730236e-15
106 59 -1.3156028368793768187635102080341169511644634250446816992052845308e-14
13 60 -1.3156028368794670644510674917846560529123317757893563140214610030e-14
59 60 -7.6010781671159990609316618845026828173221068382647835903753730236e-15
60 60 4.1514213071821339410884673604698486692890849192316693461179966107e-14
61 60 -7.6010781671160006386534723265262936407792374038372429367882432416e-15
107 60 -1.3156028368794670644510674917846560529123317757893563140214610030e-14
14 61 -1.3156028368793766609913291638317558688187503684874357645639975090e-14
60 61 -7.6010781671160006386534723265262936407792374038372429367882432416e-15
61 61 4.1514213071819534497133527929687704657933482177423201164856436662e-14
62 61 -7.6010781671159990609316618845026828173221068382647835903753730236e-15
108 61 -1.3156028368793768187635102080341169511644634250446816992052845308e-14
15 62 -1.3156028368794670644510674917846560529123317757893563140214610030e-14
61 62 -7.6010781671159990609316618845026828173221068382647835903753730236e-15
62 62 4.1514213071821080664507761112826311645921436438433360649469250347e-14
63 62 -7.6010781671157387368329389506068969468955635188089914322517870460e-15
109 62 -1.3156028368794670644510674917846560529123317757893563140214610030e-14
16 63 -1.3156028368794670644510674917846560529123317757893563140214610030e-14
62 63 -7.6010781671157387368329389506068969468955635188089914322517870460e-15
63 63 4.1514213071821080664507761112826311645921436438433360649469250347e-14
64 63 -7.6010781671160006386534723265262936407792374038372429367882432416e-15
110 63 -1.3156028368794670644510674917846560529123317757893563140214610030e-14
17 64 -1.3156028368793766609913291638317558688187503684874357645639975090e-14
63 64 -7.6010781671160006386534723265262936407792374038372429367882432416e-15
64 64 4.1514213071819534497133527929687704657933482177423201164856436662e-14
65 64 -7.6010781671159990609316618845026828173221068382647835903753730236e-15
111 64 -1.3156028368793768187635102080341169511644634250446816992052845308e-14
18 65 -1.3156028368794670644510674917846560529123317757893563140214610030e-14
64 65 -7.6010781671159990609316618845026828173221068382647835903753730236e-15
65 65 4.1514213071821339410884673604698486692890849192316693461179966107e-14
66 65 -7.6010781671159990609316618845026828173221068382647835903753730236e-15
112 65 -1.3156028368794670644510674917846560529123317757893563140214610030e-14
19 66 -1.3156028368793766609913291638317558688187503684874357645639975090e-14
65 66 -7.6010781671159990609316618845026828173221068382647835903753730236e-15
66 66 4.1514213071819534497133527929687704657933482177423201164856436662e-14
67 66 -7.6010781671159990609316618845026828173221068382647835903753730236e-15
113 66 -1.3156028368793768187635102080341169511644634250446816992052845308e-14
20 67 -1.3156028368794670644510674917846560529123317757893563140214610030e-14
66 67 -7.6010781671159990609316618845026828173221068382647835903753730236e-15
67 67 4.1514213071821339410884673604698486692890849192316693461179966107e-14
68 67 -7.6010781671159990609316618845026828173221068382647835903753730236e-15
114 67 -1.3156028368794670644510674917846560529123317757893563140214610030e-14
21 68 -1.3156028368793766609913291638317558688187503684874357645639975090e-14
67 68 -7.6010781671159990609316618845026828173221068382647835903753730236e-15
68 68 4.1514213071819534497133527929687704657933482177423201164856436662e-14
69 68 -7.6010781671160006386534723265262936407792374038372429367882432416e-15
115 68 -1.3156028368793768187635102080341169511644634250446816992052845308e-14
22 69 -1.3156028368794670644510674917846560529123317757893563140214610030e-14
68 69 -7.6010781671160006386534723265262936407792374038372429367882432416e-15
69 69 4.1514213071821080664507761112826311645921436438433360649469250347e-14
70 69 -7.6010781671157387368329389506068969468955635188089914322517870460e-15
116 69 -1.3156028368794670644510674917846560529123317757893563140214610030e-14
23 70 -1.3156028368794670644510674917846560529123317757893563140214610030e-14
69 70 -7.6010781671157387368329389506068969468955635188089914322517870460e-15
70 70 4.1514213071821080664507761112826311645921436438433360649469250347e-14
71 70 -7.6010781671159990609316618845026828173221068382647835903753730236e-15
117 70 -1.3156028368794670644510674917846560529123317757893563140214610030e-14
24 71 -1.3156028368793766609913291638317558688187503684874357645639975090e-14
70 71 -7.6010781671159990609316618845026828173221068382647835903753730236e-15
71 71 4.1514213071819534497133527929687704657933482177423201164856436662e-14
72 71 -7.6010781671159990609316618845026828173221068382647835903753730236e-15
118 71 -1.3156028368793768187635102080341169511644634250446816992052845308e-14
25 72 -1.3156028368794670644510674917846560529123317757893563140214610030e-14
71 72 -7.6010781671159990609316618845026828173221068382647835903753730236e-15
72 72 4.1514213071821080664507761112826311645921436438433360649469250347e-14
73 72 -7.6010781671157403145547493926305077703526940843814507786646572640e-15
119 72 -1.3156028368794670644510674917846560529123317757893563140214610030e-14
26 73 -1.3156028368794670644510674917846560529123317757893563140214610030e-14
72 73 -7.6010781671157403145547493926305077703526940843814507786646572640e-15
73 73 4.1514213071821080664507761112826311645921436438433360649469250347e-14
74 73 -7.6010781671160006386534723265262936407792374038372429367882432416e-15
120 73 -1.3156028368794670644510674917846560529123317757893563140214610030e-14
27 74 -1.3156028368793766609913291638317558688187503684874357645639975090e-14
73 74 -7.6010781671160006386534723265262936407792374038372429367882432416e-15
74 74 4.1514213071819534497133527929687704657933482177423201164856436662e-14
75 74 -7.6010781671159990609316618845026828173221068382647835903753730236e-15
121 74 -1.3156028368793768187635102080341169511644634250446816992052845308e-14
28 75 -1.3156028368794670644510674917846560529123317757893563140214610030e-14
74 75 -7.6010781671159990609316618845026828173221068382647835903753730236e-15
75 75 5.4015922949645564979743122806816529080954896596677983211520768236e-14
76 75 -7.6010781671160006386534723265262936407792374038372429367882432416e-15
122 75 -1.3156028368794670644510674917846560529123317757893563140214610030e-14
3029 75 -1.2501709877824225568858449202118042388064047404361289750340802129e-14
29 76 -1.3156028368793766609913291638317558688187503684874357645639975090e-14
75 76 -7.6010781671160006386534723265262936407792374038372429367882432416e-15
76 76 6.9553737178299459008608302689637089522250827655636129520644317381e-14
77 76 -7.6010781671159990609316618845026828173221068382647835903753730236e-15
123 76 -1.3156028368793768187635102080341169511644634250446816992052845308e-14
3032 76 -2.8039524106479927666918395643996606511231606609357847048613621155e-14
30 77 -1.3156028368794670644510674917846560529123317757893563140214610030e-14
76 77 -7.6010781671159990609316618845026828173221068382647835903753730236e-15
77 77 4.1514213071821339410884673604698486692890849192316693461179966107e-14
78 77 -7.6010781671159990609316618845026828173221068382647835903753730236e-15
124 77 -1.3156028368794670644510674917846560529123317757893563140214610030e-14
31 78 -1.3156028368793766609913291638317558688187503684874357645639975090e-14
77 78 -7.6010781671159990609316618845026828173221068382647835903753730236e-15
78 78 4.1514213071819534497133527929687704657933482177423201164856436662e-14
79 78 -7.6010781671159990609316618845026828173221068382647835903753730236e-15
125 78 -1.3156028368793768187635102080341169511644634250446816992052845308e-14
32 79 -1.3156028368794670644510674917846560529123317757893563140214610030e-14
78 79 -7.6010781671159990609316618845026828173221068382647835903753730236e-15
79 79 4.1514213071821080664507761112826311645921436438433360649469250347e-14
80 79 -7.6010781671157403145547493926305077703526940843814507786646572640e-15
126 79 -1.3156028368794670644510674917846560529123317757893563140214610030e-14
33 80 -1.3156028368794670644510674917846560529123317757893563140214610030e-14
79 80 -7.6010781671157403145547493926305077703526940843814507786646572640e-15
80 80 4.1514213071821080664507761112826311645921436438433360649469250347e-14
81 80 -7.6010781671160006386534723265262936407792374038372429367882432416e-15
127 80 -1.3156028368794670644510674917846560529123317757893563140214610030e-14
34 81 -1.3156028368793766609913291638317558688187503684874357645639975090e-14
80 81 -7.6010781671160006386534723265262936407792374038372429367882432416e-15
81 81 4.1514213071819566051569736770159921127076093488872388093113841023e-14
82 81 -7.6010781671160290376460602829512884630075875841415111722199071664e-15
128 81 -1.3156028368793768187635102080341169511644634250446816992052845308e-14
35 82 -1.3156028368794670644510674917846560529123317757893563140214610030e-14
81 82 -7.6010781671160290376460602829512884630075875841415111722199071664e-15
82 82 4.1514213071821339410884673604698486692890849192316693461179966107e-14
83 82 -7.6010781671159706619390739280776879950937566579605153549437090987e-15
129 82 -1.3156028368794670644510674917846560529123317757893563140214610030e-14
36 83 -1.3156028368793766609913291638317558688187503684874357645639975090e-14
82 83 -7.6010781671159706619390739280776879950937566579605153549437090987e-15
83 83 4.1514213071819534497133527929687704657933482177423201164856436662e-14
84 83 -7.6010781671160290376460602829512884630075875841415111722199071664e-15
130 83 -1.3156028368793768187635102080341169511644634250446816992052845308e-14
37 84 -1.3156028368794670644510674917846560529123317757893563140214610030e-14
83 84 -7.6010781671160290376460602829512884630075875841415111722199071664e-15
84 84 4.1514213071821112218943969953298528115064047749882547577726654708e-14
85 84 -7.6010781671157403145547493926305077703526940843814507786646572640e-15
131 84 -1.3156028368794670644510674917846560529123317757893563140214610030e-14
38 85 -1.3156028368794670644510674917846560529123317757893563140214610030e-14
84 85 -7.6010781671157403145547493926305077703526940843814507786646572640e-15
85 85 4.1514213071821049110071552272354095176778825126984173721211845987e-14
86 85 -7.6010781671159706619390739280776879950937566579605153549437090987e-15
132 85 -1.3156028368794670644510674917846560529123317757893563140214610030e-14
39 86 -1.3156028368793766609913291638317558688187503684874357645639975090e-14
85 86 -7.6010781671159706619390739280776879950937566579605153549437090987e-15
86 86 4.1514213071819534497133527929687704657933482177423201164856436662e-14
87 86 -7.6010781671160290376460602829512884630075875841415111722199071664e-15
133 86 -1.3156028368793768187635102080341169511644634250446816992052845308e-14
40 87 -1.3156028368794670644510674917846560529123317757893563140214610030e-14
86 87 -7.6010781671160290376460602829512884630075875841415111722199071664e-15
87 87 4.1514213071821339410884673604698486692890849192316693461179966107e-14
88 87 -7.6010781671159706619390739280776879950937566579605153549437090987e-15
134 87 -1.3156028368794670644510674917846560529123317757893563140214610030e-14
41 88 -1.3156028368793766609913291638317558688187503684874357645639975090e-14
87 88 -7.6010781671159706619390739280776879950937566579605153549437090987e-15
88 88 4.1514213071819534497133527929687704657933482177423201164856436662e-14
89 88 -7.6010781671160306153678707249748992864647181497139705186327773845e-15
135 88 -1.3156028368793768187635102080341169511644634250446816992052845308e-14
42 89 -1.3156028368794670644510674917846560529123317757893563140214610030e-14
88 89 -7.6010781671160306153678707249748992864647181497139705186327773845e-15
89 89 4.1514213071821112218943969953298528115064047749882547577726654708e-14
90 89 -7.6010781671157403145547493926305077703526940843814507786646572640e-15
136 89 -1.3156028368794670644510674917846560529123317757893563140214610030e-14
43 90 -1.3156028368794670644510674917846560529123317757893563140214610030e-14
89 90 -7.6010781671157403145547493926305077703526940843814507786646572640e-15
90 90 4.1514213071821049110071552272354095176778825126984173721211845987e-14
91 90 -7.6010781671159706619390739280776879950937566579605153549437090987e-15
137 90 -1.3156028368794670644510674917846560529123317757893563140214610030e-14
44 91 -1.3156028368793766609913291638317558688187503684874357645639975090e-14
90 91 -7.6010781671159706619390739280776879950937566579605153549437090987e-15
91 91 4.1514213071819534497133527929687704657933482177423201164856436662e-14
92 91 -7.6010781671160290376460602829512884630075875841415111722199071664e-15
138 91 -1.3156028368793768187635102080341169511644634250446816992052845308e-14
45 92 -1.3156028368794670644510674917846560529123317757893563140214610030e-14
91 92 -7.6010781671160290376460602829512884630075875841415111722199071664e-15
92 92 4.1514213071821339410884673604698486692890849192316693461179966107e-14
93 92 -7.6010781671159706619390739280776879950937566579605153549437090987e-15
139 92 -1.3156028368794670644510674917846560529123317757893563140214610030e-14
46 93 -1.3156028368793766609913291638317558688187503684874357645639975090e-14
92 93 -7.6010781671159706619390739280776879950937566579605153549437090987e-15
93 93 4.1514213071819534497133527929687704657933482177423201164856436662e-14
94 93 -7.6010781671160290376460602829512884630075875841415111722199071664e-15
140 93 -1.3156028368793768187635102080341169511644634250446816992052845308e-14
47 94 -1.3156028368794670644510674917846560529123317757893563140214610030e-14
93 94 -7.6010781671160290376460602829512884630075875841415111722199071664e-15
94 94 4.9115291238936734204362936194158224126131949416329547375426045619e-14
141 94 -1.3156028368794670644510674917846560529123317757893563140214610030e-14
48 95 -1.3156028368794310923937894136463292780897548807372832158080200315e-14
95 95 4.9115291238936305064030495963736080145792435580620605151125346310e-14
96 95 -7.6010781671158759986304474066610385876659227236129545701714960160e-15
142 95 -1.3156028368794367721923070049313282425354249167981368628943528165e-14
49 96 -1.3156028368794310923937894136463292780897548807372832158080200315e-14
95 96 -7.6010781671158759986304474066610385876659227236129545701714960160e-15
96 96 4.1514213071820430643121858999098652381583643422580109927366720513e-14
97 96 -7.6010781671158775763522578486846494111230532891854139165843662340e-15
143 96 -1.3156028368794367721923070049313282425354249167981368628943528165e-14
50 97 -1.3156028368794307768494273252416071133983287676227913465254459879e-14
96 97 -7.6010781671158775763522578486846494111230532891854139165843662340e-15
97 97 4.1514213071820430643121858999098652381583643422580109927366720513e-14
98 97 -7.6010781671158775763522578486846494111230532891854139165843662340e-15
144 97 -1.3156028368794366144201259607289671601897118602408909282530657947e-14
51 98 -1.3156028368794312501659704578486903604354679372945291504493070533e-14
97 98 -7.6010781671158775763522578486846494111230532891854139165843662340e-15
98 98 4.1514213071820443264896342535287538969240687947159784698669682257e-14
99 98 -7.6010781671158775763522578486846494111230532891854139165843662340e-15
145 98 -1.3156028368794372455088501375384114895725640864698746668182138819e-14
52 99 -1.3156028368794307768494273252416071133983287676227913465254459879e-14
98 99 -7.6010781671158775763522578486846494111230532891854139165843662340e-15
99 99 4.1514213071820430643121858999098652381583643422580109927366720513e-14
100 99 -7.6010781671158775763522578486846494111230532891854139165843662340e-15
146 99 -1.3156028368794366144201259607289671601897118602408909282530657947e-14
53 100 -1.3156028368794310923937894136463292780897548807372832158080200315e-14
99 100 -7.6010781671158775763522578486846494111230532891854139165843662340e-15
100 100 4.1514213071820481130219793143854198732211821520898809012578567490e-14
101 100 -7.6010781671159280634501919934401957617512313875041130017962132115e-15
147 100 -1.3156028368794361411035828281218839131525726905691531243292047293e-14
54 101 -1.3156028368794137374538745513866102200613186594402304052664476330e-14
100 101 -7.6010781671159280634501919934401957617512313875041130017962132115e-15
101 101 4.1514213071820064611661836449620941339529352209769541559580829926e-14
102 101 -7.6010781671158192006452714938110489432092223630044180993081681663e-15
148 101 -1.3156028368794184706193058774574426904327103561576084445050582872e-14
55 102 -1.3156028368794670644510674917846560529123317757893563140214610030e-14
101 102 -7.6010781671158192006452714938110489432092223630044180993081681663e-15
102 102 4.1514213071821150084267420561865187878035181323621571891635539941e-14
103 102 -7.6010781671159296411720024354638065852083619530765723482090834295e-15
149 102 -1.3156028368794729020217661272720160997037148684074558957490808098e-14
56 103 -1.3156028368793768187635102080341169511644634250446816992052845308e-14
102 103 -7.6010781671159296411720024354638065852083619530765723482090834295e-15
103 103 4.1514213071819458766486626712554385131991215029945152537038666196e-14
104 103 -7.6010781671159296411720024354638065852083619530765723482090834295e-15
150 103 -1.3156028368793826563342088435214769979558465176627812809329043375e-14
57 104 -1.3156028368794670644510674917846560529123317757893563140214610030e-14
103 104 -7.6010781671159296411720024354638065852083619530765723482090834295e-15
104 104 4.1514213071820998622973618127598548826150647028665474635999999009e-14
105 104 -7.6010781671156677393514690595444098913246880680483208436726272339e-15
151 104 -1.3156028368794729020217661272720160997037148684074558957490808098e-14
58 105 -1.3156028368794670644510674917846560529123317757893563140214610030e-14
104 105 -7.6010781671156677393514690595444098913246880680483208436726272339e-15
105 105 4.1514213071820998622973618127598548826150647028665474635999999009e-14
106 105 -7.6010781671159296411720024354638065852083619530765723482090834295e-15
152 105 -1.3156028368794729020217661272720160997037148684074558957490808098e-14
59 106 -1.3156028368793768187635102080341169511644634250446816992052845308e-14
105 106 -7.6010781671159296411720024354638065852083619530765723482090834295e-15
106 106 4.1514213071819458766486626712554385131991215029945152537038666196e-14
107 106 -7.6010781671159296411720024354638065852083619530765723482090834295e-15
153 106 -1.3156028368793826563342088435214769979558465176627812809329043375e-14
60 107 -1.3156028368794670644510674917846560529123317757893563140214610030e-14
106 107 -7.6010781671159296411720024354638065852083619530765723482090834295e-15
107 107 4.1514213071821263680237772387565167166948582044838644833362195641e-14
108 107 -7.6010781671159296411720024354638065852083619530765723482090834295e-15
154 107 -1.3156028368794729020217661272720160997037148684074558957490808098e-14
61 108 -1.3156028368793768187635102080341169511644634250446816992052845308e-14
107 108 -7.6010781671159296411720024354638065852083619530765723482090834295e-15
108 108 4.1514213071819458766486626712554385131991215029945152537038666196e-14
109 108 -7.6010781671159296411720024354638065852083619530765723482090834295e-15
155 108 -1.3156028368793826563342088435214769979558465176627812809329043375e-14
62 109 -1.3156028368794670644510674917846560529123317757893563140214610030e-14
108 109 -7.6010781671159296411720024354638065852083619530765723482090834295e-15
109 109 4.1514213071820998622973618127598548826150647028665474635999999009e-14
110 109 -7.6010781671156677393514690595444098913246880680483208436726272339e-15
156 109 -1.3156028368794729020217661272720160997037148684074558957490808098e-14
63 110 -1.3156028368794670644510674917846560529123317757893563140214610030e-14
109 110 -7.6010781671156677393514690595444098913246880680483208436726272339e-15
110 110 4.1514213071820998622973618127598548826150647028665474635999999009e-14
111 110 -7.6010781671159296411720024354638065852083619530765723482090834295e-15
157 110 -1.3156028368794729020217661272720160997037148684074558957490808098e-14
64 111 -1.3156028368793768187635102080341169511644634250446816992052845308e-14
110 111 -7.6010781671159296411720024354638065852083619530765723482090834295e-15
111 111 4.1514213071819458766486626712554385131991215029945152537038666196e-14
112 111 -7.6010781671159296411720024354638065852083619530765723482090834295e-15
158 111 -1.3156028368793826563342088435214769979558465176627812809329043375e-14
65 112 -1.3156028368794670644510674917846560529123317757893563140214610030e-14
111 112 -7.6010781671159296411720024354638065852083619530765723482090834295e-15
112 112 4.1514213071821263680237772387565167166948582044838644833362195641e-14
113 112 -7.6010781671159296411720024354638065852083619530765723482090834295e-15
159 112 -1.3156028368794729020217661272720160997037148684074558957490808098e-14
